place(-7.496, 1.000, -14.389, "Soldier", 350)
upgrade(-7.496, 2.350, -14.389, 100)
place(-0.070, 1.000, -14.870, "Soldier", 350)
upgrade(-0.070, 2.350, -14.870, 100)
place(-4.563, 1.000, -16.831, "Freezer", 425)
place(-10.565, 1.000, -15.489, "Ace Pilot", 550)
upgrade(-10.565, 1.000, -15.488, 200)
upgrade(-10.565, 1.000, -15.488, 350)
place(-4.711, 1.000, -24.484, "Freezer", 425)
place(-1.537, 1.000, -24.174, "Freezer", 425)
place(1.613, 1.000, -24.155, "Freezer", 425)
place(5.037, 1.000, -24.452, "Freezer", 425)
upgrade(5.037, 2.350, -24.452, 225)
upgrade(1.613, 2.350, -24.155, 225)
upgrade(-1.537, 2.350, -24.174, 225)
upgrade(-4.711, 2.350, -24.484, 225)
place(-4.411, 1.000, -13.603, "Militant", 700)
place(-2.976, 1.000, -13.921, "Freezer", 425)
upgrade(-2.976, 2.350, -13.921, 225)
upgrade(-2.976, 2.350, -13.921, 650)
place(-12.245, 1.000, -21.631, "Militant", 700)
upgrade(-12.245, 2.350, -21.631, 200)
place(8.244, 1.000, -19.275, "Militant", 700)
place(8.160, 1.000, -11.721, "Militant", 700)
upgrade(8.244, 2.350, -19.275, 200)
upgrade(8.160, 2.350, -11.721, 200)
upgrade(8.244, 2.350, -19.275, 900)
upgrade(8.160, 2.350, -11.721, 900)
place(7.999, 1.000, -15.360, "Militant", 700)
upgrade(7.999, 2.350, -15.360, 200)
upgrade(7.999, 2.350, -15.360, 900)
upgrade(-4.563, 2.350, -16.831, 225)
upgrade(-4.563, 2.350, -16.831, 650)
upgrade(-0.070, 2.350, -14.870, 400)
upgrade(-7.496, 2.350, -14.389, 400)
place(8.297, 1.000, -23.061, "Freezer", 425)
upgrade(8.297, 2.350, -23.061, 225)
upgrade(8.297, 2.350, -23.061, 650)
place(7.940, 1.000, -8.566, "Militant", 700)
place(5.183, 1.000, -6.996, "Militant", 700)
place(1.965, 1.000, -7.064, "Militant", 700)
upgrade(7.940, 2.350, -8.566, 200)
upgrade(7.940, 2.350, -8.566, 900)
upgrade(1.965, 2.350, -7.064, 200)
upgrade(1.965, 2.350, -7.064, 900)
upgrade(5.183, 2.350, -6.996, 200)
upgrade(5.183, 2.350, -6.996, 900)
place(-0.995, 1.000, -6.376, "Militant", 700)
place(-4.348, 1.000, -6.669, "Militant", 700)
upgrade(-0.995, 2.350, -6.376, 200)
upgrade(-0.995, 2.350, -6.376, 900)
upgrade(-4.348, 2.350, -6.669, 200)
upgrade(-4.348, 2.350, -6.669, 900)
place(1.335, 1.000, -17.701, "Militant", 700)
place(-9.081, 1.000, -17.118, "Militant", 700)
upgrade(-9.081, 2.350, -17.118, 200)
upgrade(-9.081, 2.350, -17.118, 900)
upgrade(1.335, 2.350, -17.701, 200)
upgrade(1.335, 2.350, -17.701, 900)
place(-4.914, 1.000, -3.379, "Militant", 700)
upgrade(-4.914, 2.350, -3.379, 200)
upgrade(-4.914, 2.350, -3.379, 900)
place(-8.025, 1.000, -2.799, "Militant", 700)
place(-11.022, 1.000, -2.629, "Militant", 700)
place(-14.166, 1.000, -2.600, "Militant", 700)
place(-16.308, 1.000, 0.068, "Militant", 700)
place(-17.084, 1.000, 5.683, "Militant", 700)
place(-15.453, 1.000, 3.153, "Militant", 700)
upgrade(-15.453, 2.350, 3.153, 200)
upgrade(-15.453, 2.350, 3.153, 900)
upgrade(-17.084, 2.350, 5.683, 200)
upgrade(-17.084, 2.350, 5.683, 900)
upgrade(-16.308, 2.350, 0.068, 200)
upgrade(-16.308, 2.350, 0.068, 900)
upgrade(-14.166, 2.350, -2.600, 200)
upgrade(-14.166, 2.350, -2.600, 900)
upgrade(-11.022, 2.350, -2.629, 200)
upgrade(-11.022, 2.350, -2.629, 900)
upgrade(-8.025, 2.350, -2.799, 200)
upgrade(-8.025, 2.350, -2.799, 900)
place(-12.584, 1.000, 0.525, "Ace Pilot", 550)
upgrade(-12.584, 1.000, 0.525, 200)
upgrade(-12.584, 1.000, 0.525, 350)
upgrade(-12.584, 1.000, 0.525, 1850)
upgrade(-12.584, 1.000, 0.525, 3200)
upgrade(8.244, 2.350, -19.275, 2750)
upgrade(7.999, 2.350, -15.360, 2750)
place(-9.021, 1.000, 0.625, "Militant", 700)
place(-5.579, 1.000, 0.764, "Militant", 700)
place(-2.300, 1.000, 0.613, "Militant", 700)
place(1.187, 1.000, 0.801, "Militant", 700)
upgrade(1.187, 2.350, 0.801, 200)
upgrade(1.187, 2.350, 0.801, 900)
upgrade(-2.300, 2.350, 0.613, 200)
upgrade(-2.300, 2.350, 0.613, 900)
upgrade(-5.579, 2.350, 0.764, 200)
upgrade(-5.579, 2.350, 0.764, 900)
upgrade(-9.021, 2.350, 0.625, 200)
upgrade(-9.021, 2.350, 0.625, 900)
place(-1.762, 1.000, -3.242, "Freezer", 425)
place(1.527, 1.000, -3.542, "Freezer", 425)
upgrade(1.527, 2.350, -3.542, 225)
upgrade(1.527, 2.350, -3.542, 650)
upgrade(1.527, 2.350, -3.542, 2000)
upgrade(-1.762, 2.350, -3.242, 225)
upgrade(-1.762, 2.350, -3.242, 650)
upgrade(-1.762, 2.350, -3.242, 2000)
place(-12.323, 1.000, -10.377, "Freezer", 425)
place(-15.970, 1.000, -10.263, "Freezer", 425)
place(-19.609, 1.000, -10.547, "Freezer", 425)
upgrade(-15.970, 2.350, -10.263, 225)
upgrade(-15.970, 2.350, -10.263, 650)
upgrade(-12.323, 2.350, -10.377, 225)
upgrade(-12.323, 2.350, -10.377, 650)
upgrade(-19.609, 2.350, -10.547, 225)
upgrade(-19.609, 2.350, -10.547, 650)
upgrade(-19.609, 2.350, -10.547, 2000)
upgrade(-15.970, 2.350, -10.263, 2000)
upgrade(-12.323, 2.350, -10.377, 2000)
place(-7.885, 1.000, 8.530, "Militant", 700)
place(-4.636, 1.000, 8.019, "Militant", 700)
place(-1.555, 1.000, 8.077, "Militant", 700)
upgrade(-1.555, 2.350, 8.077, 200)
upgrade(-1.555, 2.350, 8.077, 900)
upgrade(-4.636, 2.350, 8.019, 200)
upgrade(-4.636, 2.350, 8.019, 900)
upgrade(-7.885, 2.350, 8.530, 200)
upgrade(-7.885, 2.350, 8.530, 900)
upgrade(-2.976, 2.350, -13.921, 2000)
upgrade(-4.563, 2.350, -16.831, 2000)
upgrade(-4.711, 2.350, -24.484, 650)
upgrade(-1.537, 2.350, -24.174, 650)
upgrade(1.613, 2.350, -24.155, 650)
upgrade(5.037, 2.350, -24.452, 650)
upgrade(5.037, 2.350, -24.452, 2000)
upgrade(1.613, 2.350, -24.155, 2000)
upgrade(-1.537, 2.350, -24.174, 2000)
upgrade(-16.308, 2.350, 0.068, 2750)
upgrade(-15.453, 2.350, 3.153, 2750)
upgrade(-17.084, 2.350, 5.683, 2750)
upgrade(-7.885, 2.350, 8.530, 2750)
upgrade(-4.636, 2.350, 8.019, 2750)
